target_id,n_models,mean_rmsd,std_rmsd,min_rmsd,max_rmsd,methods
1afb__1__1.A__1.D_1.F,3,0.117,0.013,0.106,0.131,mcs
1b5d__1__1.A_1.B__1.D,3,0.627,0.178,0.521,0.832,mcs
1bcj__1__1.B__1.I_1.K,3,0.2,0.019,0.181,0.219,mcs
1ci0__1__1.A_1.B__1.D,3,1.113,0.015,1.099,1.129,mcs
1dku__2__1.B_3.A_3.B__3.E,3,1.985,0.093,1.9,2.085,mcs
1dp4__2__1.A__1.C,3,1.159,0.308,0.806,1.374,mcs
1dvr__1__1.A_1.B__1.C,3,1.811,0.128,1.717,1.957,mcs
1e1z__1__2.A__2.B,3,1.488,0.484,0.976,1.939,mcs
1esw__1__1.A__1.B_1.D,3,1.081,0.061,1.012,1.126,mcs
1fj4__1__1.B__1.F,3,0.021,0.001,0.02,0.022,mcs
1g4s__2__1.B__1.F_1.G_1.H,3,0.742,0.003,0.739,0.745,mcs
1g4t__2__1.B__1.F_1.G_1.H,3,0.957,0.031,0.926,0.988,mcs
1g60__1__1.A__1.D,3,0.409,0.012,0.395,0.419,mcs
1g77__1__1.A_2.A__2.D_2.E,3,0.658,0.004,0.654,0.662,mcs
1gm9__1__1.A_1.B__1.M_1.O,3,1.205,0.203,1.069,1.437,mcs
1gqg__2__1.B__1.Q,3,0.414,0.203,0.217,0.622,mcs
1gtk__1__1.A__1.B,3,0.569,0.082,0.519,0.663,mcs
1gzf__3__1.C__1.I_1.J,3,1.649,0.572,0.988,1.981,mcs
1h1i__1__1.A_1.C__1.E,3,0.896,0.111,0.803,1.019,mcs
1h36__1__2.B__2.G,3,0.687,0.513,0.346,1.277,mcs
1h3c__1__2.B__2.G,3,0.585,0.057,0.521,0.632,mcs
1h79__1__1.A_2.A__2.B_2.C,3,0.938,0.143,0.815,1.095,mcs
1h7a__1__1.A_2.A__2.B_2.D,3,0.817,0.14,0.681,0.962,mcs
1ia9__1__1.B__1.G,3,0.912,0.007,0.903,0.917,mcs
1isf__1__1.B__1.D,3,1.456,0.305,1.105,1.661,mcs
1isi__1__1.A__1.C,3,1.438,0.343,1.187,1.828,mcs
1itc__1__1.A__1.D,3,2.114,0.449,1.676,2.573,global
1j1m__1__1.A__1.B,3,0.804,0.691,0.245,1.577,global
1jcl__1__1.A__1.C,3,0.553,0.007,0.545,0.559,global
1jep__5__1.A_2.A__1.E_1.F,3,0.202,0.005,0.199,0.208,mcs
1js4__1__1.A__1.C,3,2.194,0.033,2.162,2.229,global
1juh__2__1.B_2.D__2.H,3,0.851,0.237,0.668,1.119,mcs
1juh__2__1.B__1.GA_1.X,3,0.573,0.309,0.217,0.761,mcs
1ka1__1__1.A__1.B_1.C_1.D,3,0.936,0.141,0.773,1.023,mcs
1kv3__2__1.B_1.F__1.L,3,1.306,0.224,1.048,1.444,mcs
1l1y__3__1.C__1.I,3,1.772,1.16,0.436,2.521,global
1l2a__1__1.A__1.G,3,0.617,0.062,0.564,0.685,global
1l4u__1__1.A__1.C_1.J,3,0.655,0.126,0.509,0.728,mcs
1l4y__1__1.A__1.B_1.H,3,0.715,0.014,0.7,0.724,mcs
1lhu__1__2.A__2.C,3,0.085,0.004,0.081,0.089,mcs
1lhv__1__2.A__2.D,3,0.618,0.874,0.109,1.627,mcs
1lor__1__1.A_2.A__1.B,3,0.578,0.408,0.108,0.814,mcs
1los__1__1.A_1.B__1.E,3,0.369,0.388,0.144,0.817,mcs
1lqv__2__1.B__1.J,3,0.365,0.171,0.169,0.481,mcs
1m4i__1__1.A__1.D,3,0.308,0.085,0.254,0.407,global
1nfs__1__1.A__1.D_1.E,3,0.535,0.018,0.519,0.554,global
1nme__2__3.A_4.A_4.B__4.C_4.D,3,0.768,0.132,0.679,0.919,mcs
1nup__1__1.A_1.B__1.E,3,0.425,0.195,0.199,0.538,mcs
1nx9__1__1.A__1.E,3,1.275,0.429,0.799,1.633,mcs
1o94__1__1.C__1.M,3,0.792,0.001,0.791,0.793,mcs
1oik__1__2.A__2.C_2.D_2.E,3,1.052,0.391,0.729,1.487,global
1omz__2__1.A__1.C_1.D,3,1.188,0.04,1.143,1.218,mcs
1on6__1__1.A__1.C_1.D,3,0.609,0.069,0.554,0.687,mcs
1pj6__1__2.A__2.C,3,1.81,0.179,1.695,2.016,mcs
1pwu__2__1.B__1.E_1.F,3,0.783,0.019,0.762,0.799,mcs
1q91__1__1.A__1.B_1.C_1.D,3,1.193,0.03,1.167,1.226,mcs
1q92__1__1.A__1.C,3,0.798,0.242,0.52,0.946,mcs
1qk0__1__1.A__1.E,3,0.654,0.035,0.619,0.689,mcs
1qk2__1__1.A__1.E,3,0.52,0.032,0.484,0.542,mcs
1qmg__2__1.D__1.R,3,0.658,0.085,0.559,0.708,mcs
1qnf__1__1.A__1.C,3,1.13,0.028,1.11,1.162,mcs
1qwu__1__1.A__1.C_1.D,3,1.141,0.029,1.11,1.166,global
1r34__1__1.A__1.C_1.D,3,1.083,0.052,1.023,1.116,mcs
1r6w__1__1.A__1.B_1.C,3,0.439,0.319,0.071,0.624,mcs
1rlz__1__1.A_2.A_3.A_4.A__2.B_3.B,3,1.588,0.004,1.584,1.59,mcs
1rwn__1__2.A_2.B__2.C,3,0.974,0.017,0.957,0.991,mcs
1rwo__1__2.A_2.B__2.C,3,0.986,0.041,0.944,1.027,mcs
1s2g__1__1.A_2.C__1.D,3,0.357,0.021,0.341,0.38,mcs
1s4m__2__1.B__1.E,3,0.086,0.001,0.085,0.087,mcs
1tcb__1__1.A__1.C,3,1.449,1.22,0.658,2.854,mcs
1tcc__1__1.A__1.C,3,2.14,0.679,1.37,2.653,mcs
1tfw__2__1.J__1.M_1.N,3,1.307,0.429,0.873,1.731,mcs
1thz__1__1.A_1.B__1.D,3,1.255,0.732,0.411,1.717,mcs
1u8v__1__1.A_1.B__1.F,3,1.201,0.073,1.142,1.282,mcs
1ua3__1__1.A__1.B,3,0.548,0.277,0.23,0.727,global
1ub3__1__1.C__1.G,3,0.45,0.009,0.442,0.46,global
1uhe__1__2.A_2.B_4.A_4.B__4.C,3,0.935,0.067,0.893,1.013,mcs
1uj5__2__2.A__2.B,3,0.899,0.168,0.722,1.056,mcs
1uoo__1__1.A__1.B,3,0.597,0.029,0.571,0.629,mcs
1v3c__1__1.B__1.J,3,0.277,0.002,0.275,0.28,mcs
1v3e__1__1.B__1.I,3,0.147,0.012,0.133,0.156,mcs
1v4s__1__1.A__1.D,3,0.229,0.033,0.193,0.256,mcs
1vhn__1__1.A__1.B_1.E,3,0.234,0.022,0.217,0.259,mcs
1w19__1__2.A_2.E__2.EA,3,0.611,0.203,0.426,0.828,mcs
1w19__1__2.C_2.D__2.T,3,0.341,0.175,0.226,0.542,mcs
1w2c__2__1.B__1.H_1.I_1.J,3,0.702,0.111,0.611,0.825,mcs
1w2x__1__1.A_2.A__2.D,3,1.891,0.891,1.346,2.919,mcs
1wda__1__2.A__2.J,3,1.076,0.02,1.053,1.092,mcs
1wk9__1__1.A__1.B,3,0.618,0.021,0.601,0.641,mcs
1wop__1__1.A__1.B,3,0.559,0.072,0.515,0.642,mcs
1wxy__1__1.A__1.C,3,1.211,0.186,1.005,1.368,mcs
1x1i__1__1.A__1.B,3,0.141,0.011,0.131,0.152,global
1xpg__2__1.B__1.K,3,2.736,0.07,2.661,2.8,mcs
1xr2__1__1.A__1.D,3,2.09,1.089,0.832,2.728,mcs
1xuo__1__1.A__1.D,3,2.252,0.16,2.079,2.394,mcs
1xwd__1__1.A__1.J,3,0.255,0.208,0.097,0.491,mcs
1yk0__1__1.B__1.D,3,0.821,0.179,0.692,1.025,mcs
1yk1__1__1.B__1.D,3,0.623,0.046,0.588,0.675,mcs
1ywq__1__1.A_2.A__2.B,3,1.14,0.08,1.048,1.198,mcs
1z2i__1__1.A_1.B__1.E,3,0.515,0.019,0.499,0.535,mcs
1z82__1__1.A_1.B__1.C_1.J,3,1.575,0.026,1.559,1.605,mcs
1z82__1__1.A_1.B__1.D_1.I,3,1.525,0.027,1.506,1.556,mcs
1zed__1__2.A__2.C,3,0.48,0.132,0.34,0.603,mcs
1zxv__1__1.A__1.C_1.D,3,0.681,0.464,0.153,1.024,mcs
2ada__1__1.A__1.B_1.C,3,0.252,0.002,0.25,0.254,mcs
2bif__1__1.A__1.F_1.H,3,0.725,0.228,0.472,0.916,mcs
2bxa__1__1.A__1.D,3,1.083,0.145,0.948,1.236,mcs
2c92__1__1.B_1.C__1.J,3,0.564,0.163,0.4,0.726,mcs
2c94__1__1.A_1.E__1.X,3,0.912,0.085,0.815,0.963,mcs
2cc7__1__1.A_2.A_4.A_8.A__1.H_8.H,3,0.04,0.003,0.037,0.042,mcs
2ccc__1__4.A_5.A_6.A_9.A__4.F_9.F,3,0.053,0.003,0.051,0.057,mcs
2cfm__1__1.A__1.C,3,0.743,0.095,0.652,0.842,mcs
2d3n__1__1.A__1.E,3,0.724,0.073,0.662,0.804,global
2dew__1__2.A__2.B_2.H,3,1.876,0.305,1.646,2.223,mcs
2dey__1__2.A__2.B_2.H,3,2.716,0.066,2.648,2.778,mcs
2dwp__1__1.A__1.B_1.D_1.E,3,0.824,0.157,0.652,0.961,mcs
2e82__1__1.B__1.G_1.H,3,0.682,0.012,0.668,0.691,mcs
2fqw__1__1.A__1.B,3,0.045,0.002,0.043,0.047,mcs
2gag__1__1.A_1.B__1.H_1.J,3,1.642,0.024,1.621,1.668,mcs
2gah__1__1.A_1.B__1.G,3,1.675,0.043,1.644,1.725,mcs
2gfj__1__1.A__1.C_1.D_1.I,3,1.265,0.203,1.123,1.498,mcs
2gfk__1__1.A__1.C_1.D_1.G,3,0.839,0.304,0.616,1.185,mcs
2goo__1__1.C__1.H,3,0.809,0.055,0.769,0.872,mcs
2hmv__1__4.A_4.B__4.C,3,0.944,0.11,0.818,1.014,mcs
2hmw__1__4.A_4.B__4.D,3,0.942,0.094,0.834,1.008,mcs
2hxd__1__1.A_3.A__1.B_1.C,3,0.617,0.142,0.512,0.778,mcs
2i7d__1__1.A__1.C_1.D_1.E,3,1.01,0.009,1.0,1.018,mcs
2ica__1__1.A__1.B,3,1.822,0.019,1.8,1.836,mcs
2iut__1__1.A_1.B__1.E_1.F,3,1.317,0.016,1.301,1.334,mcs
2j07__1__1.A__1.C,3,1.102,0.025,1.083,1.13,mcs
2j0y__1__1.C__1.H,3,2.335,0.265,2.048,2.572,global
2jbs__1__1.A_1.D__1.H,3,0.779,0.026,0.749,0.795,mcs
2nw8__1__1.A_1.B_2.A__2.D,3,1.352,0.042,1.311,1.395,mcs
2o7i__1__1.A__1.B,3,1.179,1.179,0.49,2.54,global
2oz2__1__2.A_2.B__2.F_2.L,3,1.518,0.037,1.478,1.553,mcs
2pg2__1__1.B__1.H,3,0.458,0.007,0.45,0.463,mcs
2q3j__1__1.A__1.C,3,0.869,0.046,0.82,0.91,mcs
2q8i__1__1.A_2.A_2.B__2.F,3,1.233,0.078,1.146,1.294,mcs
2qcx__1__1.B__1.D,3,0.25,0.007,0.242,0.255,mcs
2qts__1__1.A__1.J,3,0.338,0.217,0.21,0.588,mcs
2qvh__1__1.B__1.E_1.F,3,0.787,0.185,0.574,0.909,mcs
2r1r__1__1.A__1.G,3,2.764,0.061,2.702,2.823,mcs
2v0n__1__1.A_1.B__1.Q_1.R,3,2.695,0.122,2.599,2.832,mcs
2v91__1__1.A__1.C,3,0.442,0.006,0.437,0.448,mcs
2vfs__1__1.A__1.B_1.C,3,0.602,0.052,0.571,0.662,mcs
2vft__1__1.A__1.B_1.C,3,0.546,0.003,0.544,0.55,mcs
2vkd__1__1.A__1.D_1.E,3,0.65,0.01,0.639,0.659,mcs
2vkh__1__1.A__1.D_1.E,3,0.548,0.073,0.464,0.595,mcs
2vxk__1__1.A_2.A__1.B,3,0.919,0.153,0.793,1.09,mcs
2vzq__1__1.A__1.C_1.F,3,0.391,0.162,0.204,0.486,mcs
2w08__1__1.D__1.T,3,0.651,0.007,0.645,0.659,mcs
2w0w__1__3.A__3.B,3,0.925,0.055,0.873,0.983,mcs
2wa9__1__1.A__1.H,3,1.311,0.28,1.144,1.634,mcs
2wbv__2__1.C_1.F__1.R,3,0.454,0.005,0.451,0.46,mcs
2wcx__1__1.A__1.D,3,0.632,0.391,0.407,1.084,mcs
2wgs__1__1.G__1.Y,3,0.505,0.213,0.291,0.716,mcs
2wo3__1__1.B__1.C,3,2.374,0.18,2.168,2.5,mcs
2wzi__1__1.A__1.F,3,0.081,0.004,0.076,0.085,mcs
2x0q__1__2.A__2.B_2.C_2.D,3,1.025,0.714,0.505,1.839,mcs
2x0u__2__1.B__1.D,3,0.194,0.027,0.165,0.22,mcs
2x1n__1__1.D__1.E,3,2.048,0.975,0.925,2.687,mcs
2x65__1__1.B__1.J_1.K,3,0.591,0.094,0.532,0.699,global
2xce__1__1.B_1.C__1.M_1.N,3,1.367,0.153,1.197,1.495,mcs
2xcg__2__1.A_2.A__1.F,3,3.375,0.033,3.355,3.412,global
2xd9__1__4.A_4.C__4.F,3,0.215,0.195,0.102,0.44,mcs
2xjb__1__1.A__1.D_1.G,3,0.545,0.008,0.539,0.554,mcs
2xju__1__1.A__1.B_1.C,3,2.123,0.081,2.046,2.207,global
2xtk__2__1.B__1.L,3,0.289,0.072,0.207,0.34,mcs
2y38__1__1.A__1.B,3,1.808,0.989,1.016,2.916,mcs
2y71__1__1.A_3.A__3.B,3,0.848,0.021,0.824,0.864,mcs
2ya3__1__1.C__1.D,3,1.292,0.246,1.061,1.551,mcs
2ybe__1__1.A__1.B_1.D_1.E_1.F,3,1.25,0.079,1.159,1.305,mcs
2yc3__1__2.A__2.B,3,1.455,0.009,1.445,1.463,mcs
2yc5__1__1.A__1.B,3,1.693,0.012,1.68,1.704,mcs
2yqh__1__1.A__1.C,3,0.461,0.028,0.434,0.491,mcs
2yqs__1__1.A__1.B_1.D,3,0.47,0.277,0.15,0.629,mcs
2yr6__1__1.A__1.D_1.E_1.F,3,0.266,0.134,0.179,0.42,mcs
2z8g__2__1.B__1.W,3,0.481,0.251,0.235,0.737,mcs
2zgz__1__1.A__1.C_1.E,3,1.384,0.627,1.004,2.108,mcs
2zw9__2__1.B__1.D,3,0.386,0.113,0.256,0.456,mcs
2zwa__2__1.B__1.H,3,0.38,0.015,0.366,0.396,mcs
2zz5__1__1.A_1.B__1.C,3,0.617,0.368,0.192,0.83,mcs
3a3k__1__1.A__1.C,3,1.101,0.277,0.829,1.382,mcs
3abi__1__1.B__1.F,3,0.624,0.087,0.573,0.724,mcs
3afk__1__1.B__1.D_1.F,3,1.293,0.089,1.206,1.385,mcs
3arn__1__1.A_1.C__1.D,3,0.806,0.363,0.483,1.199,mcs
3ayj__1__1.B__1.H_1.I_1.J,3,0.175,0.005,0.169,0.178,mcs
3b03__1__1.A__1.E_1.F,3,0.667,0.147,0.499,0.767,mcs
3b04__1__1.C__1.I_1.J,3,0.976,0.216,0.74,1.163,mcs
3b1d__1__1.A_1.B__1.G_1.K,3,0.834,0.009,0.824,0.84,mcs
3b1e__1__1.A_1.B__1.F_1.J,3,0.662,0.21,0.514,0.903,mcs
3b5i__1__1.B__1.E,3,0.145,0.005,0.142,0.151,mcs
3b6p__2__1.D__1.N_1.O_1.P,3,0.822,0.013,0.81,0.836,mcs
3bex__2__1.C_1.D__1.L,3,1.101,0.004,1.098,1.106,mcs
3bf3__1__1.A_1.B__1.H,3,1.184,0.007,1.176,1.19,mcs
3bk2__1__2.A__2.E,3,0.997,0.113,0.884,1.109,mcs
3bos__1__1.A_1.B__1.M_1.P_1.U,3,0.574,0.139,0.489,0.735,mcs
3bqn__3__1.A_1.B__1.D,3,1.707,0.176,1.52,1.87,mcs
3bwk__1__1.B_1.D__1.G,3,1.287,0.159,1.195,1.471,mcs
3c9z__1__1.A__1.D,3,0.781,0.06,0.716,0.836,mcs
3ca5__2__2.A__2.D,3,0.784,0.035,0.747,0.816,mcs
3cde__1__1.A__1.C,3,1.126,0.122,0.986,1.206,mcs
3cxq__1__1.A_2.A__2.B,3,0.488,0.174,0.339,0.679,global
3d1r__1__1.A__1.B_1.D,3,0.598,0.055,0.55,0.658,global
3ddb__1__1.A_1.B__1.B_1.C,3,3.673,0.222,3.479,3.915,mcs
3ddu__1__1.A__1.B_1.G,3,0.525,0.588,0.175,1.204,mcs
3e08__1__1.A_1.B_1.D__1.R,3,1.389,0.092,1.284,1.449,mcs
3ej2__1__3.A_4.A__3.B_4.B,3,0.664,0.32,0.42,1.027,mcs
3ek5__1__1.A_1.C_1.D_1.E_1.F__1.K_1.L,3,1.806,0.222,1.551,1.96,mcs
3elh__2__1.F__1.Q_1.R,3,0.975,0.249,0.741,1.237,mcs
3elm__1__2.A__2.C_2.I,3,1.071,0.091,0.979,1.161,mcs
3f6k__1__1.A__1.C,3,0.807,0.129,0.677,0.934,mcs
3g1b__1__1.B__1.D,3,2.921,0.017,2.91,2.941,mcs
3g1h__1__1.A_1.B__1.O,3,0.233,0.004,0.229,0.237,mcs
3g1v__1__1.A_1.B__1.C,3,0.762,0.004,0.758,0.765,mcs
3gnc__1__1.A__1.F,3,1.068,0.022,1.047,1.091,mcs
3h65__1__2.A__2.B_2.C_2.D_2.E_2.F,3,0.478,0.021,0.457,0.5,mcs
3hf6__1__1.A__1.C,3,0.972,0.376,0.608,1.358,mcs
3hf8__1__1.A__1.C,3,1.151,0.093,1.046,1.224,mcs
3hhe__1__1.A__1.C,3,1.023,0.01,1.016,1.035,mcs
3hxu__1__1.A__1.B,3,0.143,0.011,0.131,0.154,mcs
3i26__2__1.C_1.D__1.N,3,1.964,0.463,1.501,2.426,mcs
3i27__2__1.C_1.D__1.L,3,2.352,0.761,1.474,2.82,mcs
3ikg__1__1.A__1.C,3,0.69,0.009,0.681,0.699,mcs
3inb__1__1.A__1.F,3,0.531,0.006,0.525,0.536,mcs
3it3__1__1.B__1.D,3,1.216,0.713,0.804,2.04,mcs
3jsa__1__2.A__2.B,3,0.47,0.083,0.42,0.566,mcs
3ju4__1__1.A_2.A_3.A__1.B,3,0.583,0.763,0.103,1.463,mcs
3jvv__1__2.B__2.G_2.H,3,0.609,0.233,0.387,0.851,mcs
3k42__1__1.B__1.I,3,0.359,0.217,0.221,0.609,mcs
3k43__1__1.B__1.G,3,0.6,0.001,0.598,0.6,mcs
3k56__2__2.B__2.F_2.G,3,0.82,0.145,0.723,0.986,global
3kqn__1__1.A__1.C_1.D_1.E,3,0.705,0.025,0.676,0.723,mcs
3l4t__1__1.A__1.B,3,1.033,0.04,0.994,1.074,mcs
3l4x__1__1.A__1.C,3,1.039,0.273,0.786,1.328,mcs
3l9h__1__1.A__1.D,3,1.638,0.529,1.181,2.218,mcs
3le7__1__1.A__1.C,3,0.451,0.148,0.301,0.597,mcs
3lhu__1__1.A_1.B__1.C,3,0.649,0.146,0.562,0.818,mcs
3lhw__1__1.A_1.B__1.C,3,0.731,0.152,0.555,0.821,mcs
3lhy__1__1.A_1.B__1.C,3,0.644,0.151,0.555,0.818,mcs
3li1__1__1.A_1.B__1.C,3,0.641,0.153,0.55,0.818,mcs
3ltp__1__1.A_1.B__1.D,3,0.615,0.145,0.516,0.781,mcs
3lts__1__1.A_1.B__1.C,3,0.805,0.023,0.788,0.831,mcs
3lty__1__1.A_1.B__1.C,3,0.506,0.312,0.172,0.79,mcs
3lu6__1__1.A__1.D,3,2.109,0.043,2.059,2.139,mcs
3lu8__1__1.A__1.C,3,1.489,0.034,1.458,1.526,mcs
3lv5__1__1.A_1.B__1.C,3,0.542,0.004,0.538,0.546,mcs
3lv6__1__1.A_1.B__1.D,3,0.811,0.018,0.8,0.831,mcs
3maw__1__1.A__1.C,3,1.151,0.26,0.981,1.45,mcs
3n13__1__1.A__1.B,3,1.03,0.063,0.977,1.1,mcs
3n15__1__1.A__1.B,3,1.12,0.283,0.857,1.42,mcs
3n2v__1__1.A__1.B_1.G,3,0.234,0.057,0.183,0.296,mcs
3n5h__1__2.A__2.B_2.D,3,0.494,0.003,0.492,0.498,mcs
3n5j__1__2.A__2.B_2.D,3,0.511,0.01,0.502,0.521,mcs
3n76__1__12.A_7.A__12.B,3,1.04,0.412,0.566,1.306,mcs
3nkn__1__1.A__1.D,3,1.164,0.277,0.992,1.484,mcs
3nkp__1__1.A__1.D,3,1.433,0.694,0.889,2.214,mcs
3nq7__1__1.A_1.B__1.D,3,0.571,0.426,0.08,0.836,mcs
3nqa__1__1.A_1.B__1.C,3,0.796,0.001,0.795,0.797,mcs
3nqc__1__1.A_1.B__1.C,3,0.472,0.348,0.101,0.791,mcs
3nqd__1__1.A_1.B__1.C,3,0.708,0.144,0.542,0.794,mcs
3nqe__1__1.A_1.B__1.C,3,0.5,0.367,0.109,0.838,mcs
3nqf__1__1.A_1.B__1.C,3,0.721,0.158,0.541,0.836,mcs
3nqg__1__1.A_1.B__1.E,3,0.47,0.357,0.087,0.794,mcs
3nqm__1__1.A_1.B__1.C,3,0.486,0.337,0.122,0.787,mcs
3ntp__1__1.A__1.B,3,2.346,0.052,2.305,2.404,mcs
3nwd__3__1.C_3.C__3.O,3,0.542,0.144,0.406,0.693,mcs
3nwd__4__3.D__3.F,3,1.455,0.361,1.194,1.867,mcs
3ogm__2__1.E_1.F__1.CA_1.DA_1.EA_1.FA,3,1.709,0.339,1.36,2.038,mcs
3oha__1__1.A__1.D_1.H_1.I,3,0.889,0.158,0.727,1.043,mcs
3ohb__1__1.A__1.D_1.E_1.F,3,0.635,0.086,0.536,0.686,mcs
3oky__1__2.B__2.C,3,1.873,0.439,1.383,2.231,mcs
3ova__1__2.A__2.C_2.E,3,0.994,0.175,0.868,1.194,mcs
3p5p__1__1.A__1.B_1.C_1.E,3,2.887,0.122,2.747,2.965,mcs
3p5y__1__1.A_1.B__1.E,3,0.81,0.036,0.769,0.831,mcs
3p5z__1__1.A_1.B__1.C,3,0.475,0.353,0.095,0.794,mcs
3p60__1__1.A_1.B__1.D,3,0.338,0.394,0.103,0.793,mcs
3p61__1__1.A_1.B__1.D,3,0.49,0.376,0.092,0.839,mcs
3pde__1__1.B__1.J_1.K_1.L_1.M,3,1.076,0.403,0.664,1.471,mcs
3phe__1__1.A__1.E,3,1.381,0.091,1.277,1.439,mcs
3plf__2__1.D__1.C,3,1.533,0.041,1.501,1.579,mcs
3q9b__1__1.A_1.I__1.FE_1.IE_1.T,3,1.185,0.238,0.941,1.416,mcs
3qcp__1__1.A__1.B,3,0.45,0.082,0.361,0.524,mcs
3qez__1__1.A_1.B__1.E,3,0.618,0.143,0.531,0.783,mcs
3qf0__1__1.A_1.B__1.D,3,0.714,0.167,0.523,0.833,mcs
3qkv__1__1.A__1.C,3,1.077,0.43,0.58,1.346,mcs
3qmr__1__1.A_1.B__1.C,3,0.705,0.145,0.538,0.79,mcs
3qms__1__1.A_1.B__1.C,3,0.486,0.349,0.115,0.806,mcs
3qmt__1__1.A_1.B__1.E,3,0.541,0.004,0.538,0.545,mcs
3qw7__1__1.A_1.B__1.B_1.C_1.F_1.G,3,2.826,1.027,2.206,4.012,mcs
3r1r__1__1.A__1.G,3,3.068,0.259,2.8,3.318,mcs
3r77__1__1.A_1.B__1.C,3,0.665,0.005,0.66,0.67,mcs
3rer__1__1.B_1.C__1.I,3,1.472,0.355,1.062,1.696,mcs
3rlu__1__1.A_1.B__1.D,3,0.724,0.166,0.534,0.839,mcs
3rlv__1__1.A_1.B__1.D,3,0.384,0.24,0.107,0.523,mcs
3rou__1__1.A_1.B__1.D,3,1.601,0.057,1.563,1.667,mcs
3s1e__1__1.A__1.B,3,0.674,0.212,0.432,0.824,mcs
3s1f__1__1.A__1.B,3,1.008,0.106,0.902,1.115,mcs
3sj3__1__1.A_1.B__1.C,3,0.542,0.004,0.54,0.547,mcs
3sw6__1__1.A_2.A__2.B,3,0.636,0.12,0.565,0.775,mcs
3t44__1__1.A__1.B_1.C,3,0.783,0.003,0.78,0.786,mcs
3tay__1__1.A__1.C_1.H,3,0.502,0.008,0.495,0.51,mcs
3thc__2__1.B__1.P,3,0.459,0.068,0.392,0.527,mcs
3thd__2__1.B__1.P,3,0.582,0.143,0.435,0.72,mcs
3thq__1__1.A_1.B__1.C,3,0.514,0.004,0.509,0.517,mcs
3tz3__1__1.A_2.A__1.D,3,2.457,1.281,0.979,3.25,mcs
3ue1__1__1.B__1.D,3,1.422,0.055,1.361,1.469,mcs
3uel__1__1.A__1.D,3,0.561,0.01,0.55,0.569,mcs
3v1p__1__1.A_1.B__1.E,3,0.702,0.16,0.517,0.797,mcs
3vlw__1__1.A__1.C_1.I,3,0.972,0.024,0.954,0.999,global
3vph__1__1.A_1.B_1.C_1.D__1.F_1.H_1.Q,3,1.287,0.073,1.216,1.362,global
3vv0__1__1.A__1.B,3,0.541,0.095,0.431,0.597,mcs
3vw2__1__1.A__1.E,3,0.644,0.006,0.638,0.649,mcs
3vw9__1__1.A_1.B__1.E_1.F,3,1.802,0.114,1.672,1.883,mcs
3vws__1__1.A__1.D_1.E,3,1.834,0.304,1.576,2.169,mcs
3w0t__1__1.A_1.B__1.F_1.G,3,1.962,0.055,1.9,2.001,mcs
3w0u__1__1.A_1.B__1.C_1.F,3,3.039,0.075,2.955,3.102,mcs
3w54__1__1.A__1.E_1.F_1.G_1.H,3,0.677,0.002,0.675,0.679,mcs
3w6c__1__1.A__1.E,3,1.077,0.056,1.014,1.122,mcs
3w6f__1__1.A__1.E,3,0.717,0.173,0.521,0.845,mcs
3w81__2__1.B__1.G,3,0.943,0.022,0.923,0.966,mcs
3was__1__2.A_3.A__2.C_2.E,3,0.51,0.004,0.505,0.514,global
3wf3__2__1.B__1.Q,3,0.411,0.265,0.186,0.703,mcs
3wgb__1__1.A_1.B_1.D__1.F,3,0.994,0.064,0.92,1.039,mcs
3wgx__1__1.A__1.C,3,2.444,0.336,2.058,2.675,mcs
3wjw__1__1.A_2.A__2.B,3,0.837,0.002,0.836,0.839,mcs
3wjy__1__1.A_2.A__1.B,3,0.536,0.0,0.536,0.536,mcs
3wno__2__1.B__1.DA_1.G,3,3.315,0.208,3.132,3.541,global
3woo__1__1.A__1.C,3,2.318,0.635,1.897,3.048,mcs
3woq__1__1.B__1.D,3,2.823,0.559,2.184,3.224,mcs
3wqy__1__1.A__1.D,3,0.273,0.011,0.264,0.285,mcs
3wsx__1__1.A__1.C,3,0.263,0.148,0.157,0.432,mcs
3wsy__1__1.A__1.F,3,0.288,0.016,0.27,0.298,mcs
3x0b__1__1.A_1.B__1.E,3,0.859,0.104,0.742,0.94,mcs
3zds__1__1.A_1.B__1.M_1.N,3,0.772,0.229,0.526,0.98,mcs
3zds__2__2.F_2.J__2.Y_2.Z,3,0.561,0.025,0.533,0.58,mcs
3zyg__1__1.A__1.D,3,0.105,0.015,0.091,0.12,mcs
4a1o__1__1.A_1.B__1.E_1.I,3,1.016,0.085,0.959,1.114,mcs
4a61__1__1.A__1.B_1.C,3,0.861,0.293,0.523,1.045,mcs
4a7g__1__1.B__1.O,3,1.204,0.01,1.194,1.214,mcs
4ad4__1__1.A__1.B,3,1.709,0.549,1.186,2.281,global
4ad5__1__1.A__1.B,3,1.665,0.607,1.192,2.349,global
4agt__1__1.A__1.J,3,0.479,0.002,0.478,0.482,global
4aha__1__1.A__1.K,3,0.504,0.004,0.501,0.509,global
4aqh__1__1.A__1.D,3,1.047,0.026,1.025,1.075,mcs
4au0__1__1.A__1.F,3,0.593,0.05,0.536,0.624,mcs
4avb__2__1.B__1.J_1.N,3,0.588,0.026,0.558,0.604,mcs
4avs__1__1.D__1.R,3,0.485,0.23,0.226,0.667,mcs
4ax7__2__1.B__1.T,3,0.602,0.028,0.571,0.621,mcs
4ay9__3__1.A__1.K,3,0.457,0.255,0.164,0.627,mcs
4az3__1__1.A_1.B__1.C,3,2.004,0.246,1.727,2.196,mcs
4azm__1__1.A_1.B__1.C,3,2.613,0.007,2.605,2.617,mcs
4bcc__1__1.A__1.B_1.F,3,3.203,0.312,2.983,3.56,mcs
4bcd__1__1.A__1.B,3,2.144,0.77,1.263,2.69,mcs
4c49__3__1.C__1.G,3,0.0,0.0,0.0,0.0,mcs
4c7w__1__1.A__1.M_1.N,3,0.535,0.009,0.525,0.544,mcs
4c7w__1__1.B__1.G_1.R,3,2.209,1.047,1.004,2.898,mcs
4cb5__1__1.A__1.B,3,1.135,0.166,1.006,1.322,mcs
4cdc__1__1.G_1.H_1.I__1.X,3,2.091,0.299,1.746,2.272,mcs
4cdf__1__1.A_1.B_1.C__1.I,3,2.246,0.145,2.133,2.41,mcs
4ci9__1__2.A__2.B,3,1.107,0.101,1.028,1.221,mcs
4cix__1__8.A_9.A__8.B,3,1.058,0.025,1.029,1.076,mcs
4cp5__1__1.A_1.B__1.G,3,0.762,0.063,0.689,0.803,mcs
4cyi__2__1.C__1.M_1.N,3,0.938,0.082,0.869,1.029,mcs
4cyj__1__1.A__1.G_1.H,3,0.887,0.045,0.853,0.938,mcs
4d4b__1__1.A__1.C_1.E,3,2.215,0.063,2.143,2.262,global
4dch__1__1.A__1.C,3,1.271,0.018,1.25,1.285,mcs
4dhl__2__1.B_1.D__1.V_1.W_1.X,3,0.364,0.132,0.282,0.516,mcs
4edh__1__1.A__1.C_1.D_1.E,3,0.772,0.132,0.621,0.852,mcs
4efe__1__1.A__1.E,3,0.35,0.232,0.084,0.502,mcs
4ffg__2__1.B__1.F,3,1.566,0.678,1.15,2.348,global
4ffo__1__1.A__1.B_1.C_1.D_1.E,3,1.481,0.085,1.404,1.572,mcs
4fju__1__1.A_1.B__1.E,3,0.538,0.025,0.52,0.566,mcs
4fx8__1__1.A_1.B__1.C,3,0.783,0.039,0.761,0.829,mcs
4fxr__1__1.A_1.B__1.C,3,0.813,0.008,0.805,0.822,mcs
4fz0__1__1.B__1.K,3,0.377,0.275,0.061,0.559,mcs
4gc4__1__1.A_1.B__1.D,3,0.732,0.148,0.563,0.839,mcs
4gip__1__1.A_1.B__1.G,3,0.355,0.122,0.214,0.434,mcs
4glx__1__1.D__1.G,3,0.354,0.032,0.327,0.389,mcs
4gmc__2__1.B__1.E,3,1.982,0.059,1.928,2.046,mcs
4gmd__2__1.D__1.O,3,0.654,0.043,0.604,0.684,mcs
4gnv__1__1.B__1.G,3,0.198,0.244,0.054,0.48,mcs
4gyz__3__1.C__1.O_1.P,3,1.073,0.305,0.875,1.424,mcs
4hat__1__1.C__1.G,3,1.207,0.011,1.197,1.219,mcs
4hb0__1__1.C__1.F,3,1.27,0.007,1.262,1.275,mcs
4hsi__2__1.B_2.B__2.K,3,0.768,0.084,0.716,0.865,mcs
4i02__1__1.A_1.E__1.H,3,1.763,0.035,1.742,1.804,mcs
4i4v__2__1.D__1.L,3,0.116,0.113,0.042,0.246,mcs
4i4y__2__1.C__1.H_1.O,3,1.921,1.164,0.577,2.608,mcs
4ien__2__1.C_1.D_2.C__1.P,3,0.956,0.02,0.937,0.976,mcs
4ih7__1__1.A__1.D,3,0.795,0.339,0.5,1.166,mcs
4ise__1__1.A__1.C,3,1.032,0.008,1.025,1.04,mcs
4ixd__2__1.A_2.A__1.C,3,2.001,0.054,1.942,2.047,mcs
4j6w__1__1.C_1.E__1.W,3,2.136,0.392,1.787,2.561,mcs
4j8t__3__1.C__1.G,3,0.0,0.0,0.0,0.0,mcs
4jaf__1__1.B_3.B__1.H,3,0.813,0.411,0.421,1.24,mcs
4jp4__1__1.A_1.B__1.I_1.N,3,2.438,0.109,2.319,2.532,mcs
4js1__1__1.A__1.C_1.D,3,0.158,0.005,0.152,0.163,mcs
4jsd__1__1.A__1.B,3,0.663,0.107,0.541,0.736,global
4jt8__1__1.A__1.C,3,0.843,0.099,0.75,0.947,mcs
4jt9__1__1.A__1.C_1.D_1.E,3,0.91,0.345,0.613,1.288,mcs
4jvo__1__1.A__1.C,3,1.831,0.069,1.762,1.9,mcs
4k2f__1__1.A_1.B__1.M,3,1.653,0.147,1.485,1.757,mcs
4kax__1__1.B__1.H,3,0.851,0.02,0.833,0.872,global
4kgj__1__1.A__1.J,3,1.018,0.393,0.567,1.288,global
4kgq__1__3.A_3.B__3.F,3,0.984,0.272,0.675,1.184,mcs
4kql__1__3.A__3.L,3,0.749,0.238,0.474,0.886,mcs
4kxl__2__1.C_1.D__1.G,3,0.969,0.143,0.814,1.097,mcs
4l0p__1__1.B__1.C,3,0.905,0.237,0.73,1.175,mcs
4l1r__2__1.B_3.B__1.K,3,0.601,0.016,0.583,0.612,mcs
4l59__1__1.A_2.A__2.B,3,2.035,0.027,2.011,2.064,mcs
4lfe__1__1.B__1.F_1.G_1.H_1.I_1.J,3,1.54,0.113,1.422,1.648,mcs
4lrh__4__1.D__1.T,3,1.095,0.59,0.414,1.446,mcs
4m1j__1__1.A_1.B__1.C,3,1.136,0.251,0.941,1.42,global
4mlp__1__1.A__1.E,3,1.684,1.091,0.501,2.652,mcs
4mmd__1__1.A__1.D_1.E,3,0.269,0.023,0.248,0.294,mcs
4mme__1__1.A__1.E,3,0.11,0.002,0.108,0.112,mcs
4mpe__1__1.A__1.B,3,1.465,0.008,1.46,1.474,mcs
4mwf__1__1.D__1.I,3,1.937,1.219,0.539,2.774,mcs
4mwf__2__1.C__1.L,3,0.307,0.243,0.156,0.587,mcs
4mws__1__1.A_1.B__1.G,3,0.496,0.032,0.46,0.523,mcs
4my6__2__1.B__1.F,3,0.162,0.017,0.147,0.181,mcs
4myw__2__1.C__1.F,3,1.304,0.594,0.923,1.988,mcs
4n7e__1__1.A__1.E,3,0.852,0.082,0.797,0.945,mcs
4n7m__1__1.A_1.B__1.C,3,0.195,0.017,0.179,0.212,mcs
4nbi__1__1.A_1.B__1.C,3,1.035,0.009,1.025,1.044,mcs
4np3__1__1.A__1.B_1.D_1.E,3,0.098,0.013,0.086,0.112,mcs
4o3f__1__1.A__1.B,3,0.929,0.264,0.624,1.089,mcs
4og7__1__1.A__1.C,3,0.728,0.008,0.72,0.736,mcs
4p10__1__1.A__1.B_1.C_1.D,3,0.637,0.042,0.602,0.683,mcs
4p3n__1__1.B__1.G,3,0.125,0.007,0.117,0.129,mcs
4p73__1__1.D__1.F,3,0.954,0.003,0.951,0.957,mcs
4p9o__1__2.A_2.B__2.E,3,2.102,0.264,1.797,2.265,mcs
4pd9__1__1.A_2.A__2.D,3,0.774,0.1,0.673,0.874,global
4pda__1__2.A_3.A__3.D,3,0.915,0.104,0.795,0.977,global
4pht__1__1.A_1.B__1.H_1.I,3,0.921,0.059,0.856,0.972,mcs
4pkr__1__1.A__1.B_1.C_1.E,3,0.293,0.046,0.263,0.346,mcs
4qnu__6__1.F__1.T,3,0.603,0.034,0.568,0.635,mcs
4r9j__1__1.A_1.C__1.S,3,1.101,0.06,1.048,1.166,global
4rus__2__1.C__1.V,3,0.467,0.046,0.435,0.519,mcs
4s3q__1__1.A__1.D,3,0.714,0.259,0.47,0.986,global
4tlb__1__1.A_1.F__1.V_1.W,3,0.885,0.082,0.794,0.952,mcs
4tlc__1__1.C_1.D__1.M_1.O,3,0.804,0.046,0.769,0.856,mcs
4tn2__1__1.A__1.B,3,1.51,0.004,1.505,1.513,mcs
4tsq__3__1.C__1.U,3,2.375,0.112,2.251,2.468,mcs
4tx6__1__1.A__1.C,3,0.193,0.024,0.166,0.212,mcs
4txe__1__1.A__1.B,3,1.352,0.092,1.246,1.415,mcs
4u2y__1__1.B__1.D,3,0.444,0.047,0.393,0.486,global
4unq__1__1.A__1.C,3,0.925,0.181,0.726,1.08,mcs
4uns__1__1.A__1.C,3,0.93,0.329,0.55,1.13,mcs
4wy0__1__1.F_1.K__1.DA,3,1.418,0.187,1.296,1.633,mcs
4x2a__1__1.A_1.B__1.C_1.E,3,0.945,0.195,0.719,1.06,mcs
4x3l__1__1.A_1.B__1.C,3,0.78,0.025,0.752,0.802,mcs
4x3m__1__1.A__1.C,3,0.748,0.005,0.744,0.754,mcs
4x8d__2__1.B__1.T_1.U_1.V,3,0.464,0.25,0.185,0.668,mcs
4x90__2__1.B__1.R,3,0.672,0.086,0.574,0.728,mcs
4x91__2__1.B__1.Q,3,0.403,0.237,0.261,0.677,mcs
4x94__1__1.A__1.C,3,0.962,0.052,0.921,1.021,mcs
4x97__1__1.A__1.H,3,0.326,0.042,0.282,0.366,mcs
4xm6__1__1.A__1.B_1.C,3,1.672,0.093,1.613,1.78,mcs
4xp1__1__1.A__1.N,3,1.004,0.001,1.002,1.005,mcs
4xp9__1__1.A__1.H,3,1.019,0.001,1.018,1.02,mcs
4xph__1__1.A__1.J,3,1.037,0.001,1.036,1.038,mcs
4xqc__1__1.B__1.J,3,0.618,0.004,0.615,0.622,mcs
4yco__3__1.C__1.J,3,0.103,0.007,0.096,0.109,mcs
4yzl__1__1.A__1.B_1.C,3,1.718,0.017,1.702,1.735,mcs
4z2j__1__1.A__1.B_1.D,3,2.766,1.948,0.516,3.895,mcs
4z2l__1__1.A__1.B,3,3.457,0.065,3.419,3.532,mcs
4zdk__1__1.B_3.A__3.D_3.F,3,0.791,0.188,0.608,0.983,mcs
4zed__1__1.A__1.B,3,2.733,0.09,2.656,2.832,mcs
4zmm__1__1.A_1.B__1.C_1.D,3,0.522,0.025,0.495,0.545,mcs
4zne__1__1.A__1.F,3,2.332,0.386,1.943,2.715,mcs
4zr5__1__1.A__1.I,3,0.402,0.006,0.397,0.409,mcs
4zr5__2__1.A__1.G_1.H,3,1.952,0.092,1.845,2.013,mcs
4zwc__1__1.A__1.C,3,0.991,0.025,0.962,1.008,global
5a5w__1__1.A__1.B,3,0.48,0.021,0.456,0.496,mcs
5a88__4__1.D__1.P_1.Q_1.R,3,1.337,0.042,1.289,1.363,mcs
5adv__2__1.C__1.L_1.M_1.N,3,0.839,0.018,0.818,0.851,mcs
5auo__1__1.B_2.B__1.F_1.G,3,0.772,0.06,0.706,0.824,mcs
5avw__1__1.B__1.D,3,1.954,0.865,1.298,2.934,mcs
5aw4__1__1.B__1.D,3,1.69,0.367,1.433,2.111,mcs
5ayc__1__2.A_3.A__2.B_2.C,3,0.552,0.057,0.504,0.616,global
5bs3__1__1.A_1.B__1.I,3,1.611,0.299,1.269,1.82,mcs
5buh__1__1.A__1.B,3,0.696,0.155,0.581,0.872,mcs
5bvb__1__1.A__1.E,3,0.0,0.0,0.0,0.0,mcs
5bzb__1__1.C_1.D__1.O,3,1.364,0.244,1.143,1.626,mcs
5bzj__1__1.A__1.D_1.E,3,1.384,0.022,1.359,1.397,mcs
5bzl__1__1.A__1.D,3,0.952,1.082,0.297,2.201,mcs
5bzm__1__1.A__1.B,3,0.15,0.074,0.081,0.229,mcs
5bzn__1__1.A__1.C,3,0.147,0.006,0.141,0.153,mcs
5bzo__1__1.A__1.B,3,0.141,0.047,0.113,0.195,mcs
5bzp__1__1.A__1.B,3,0.721,0.006,0.716,0.727,mcs
5bzq__1__1.A__1.B,3,0.54,0.287,0.318,0.864,mcs
5bzt__1__1.A__1.D,3,0.994,0.047,0.951,1.043,mcs
5cdo__1__1.A_1.C_1.D__1.W,3,0.539,0.103,0.467,0.657,mcs
5d4u__1__1.C__1.P_1.S,3,0.483,0.12,0.405,0.622,mcs
5d4v__2__1.B__1.I_1.L,3,0.518,0.06,0.455,0.574,mcs
5d61__1__1.A__1.D_1.L,3,1.886,0.005,1.881,1.891,global
5df1__2__1.B__1.G_1.H,3,0.564,0.135,0.447,0.712,mcs
5dqe__2__1.B__1.E,3,0.867,0.009,0.857,0.873,mcs
5dw5__1__1.B__1.K,3,1.148,0.051,1.1,1.202,mcs
5dw6__1__1.B__1.L,3,1.054,0.116,0.92,1.127,mcs
5e1q__2__1.B__1.D_1.G,3,2.264,0.018,2.243,2.278,global
5e62__2__2.C_2.D_3.D__3.N,3,1.517,1.359,0.366,3.016,mcs
5e64__1__1.A_1.B_2.B__2.H,3,2.23,0.912,1.202,2.944,mcs
5e6m__1__1.B__1.G,3,0.654,0.218,0.425,0.86,mcs
5eat__1__1.A__1.B_1.C_1.D_1.E,3,0.869,0.258,0.574,1.057,mcs
5ebb__2__1.B__1.N,3,0.696,0.031,0.663,0.725,mcs
5el2__1__1.A__1.E,3,1.46,0.928,0.391,2.064,mcs
5eno__1__1.C__1.G,3,1.391,0.139,1.231,1.479,mcs
5enr__1__1.C__1.G,3,1.527,0.071,1.445,1.57,mcs
5eq9__1__1.A__1.E,3,1.252,0.374,0.987,1.68,mcs
5eqe__1__1.A__1.C,3,1.543,0.324,1.324,1.915,mcs
5erd__1__1.B__1.H,3,0.873,0.061,0.819,0.939,mcs
5ers__1__1.A_2.A__2.B_2.C,3,0.626,0.138,0.547,0.785,mcs
5erv__1__1.A_2.A__1.B_1.C_1.O,3,0.501,0.191,0.376,0.721,mcs
5etl__1__1.A__1.J,3,1.695,0.019,1.676,1.714,mcs
5ezv__1__1.E__1.K_1.L,3,0.259,0.154,0.117,0.422,mcs
5f2n__1__1.B__1.E_1.F,3,0.32,0.172,0.122,0.424,mcs
5f5x__1__1.A__1.C,3,0.899,0.099,0.793,0.988,mcs
5f9t__2__1.B__1.G,3,1.115,0.036,1.09,1.156,mcs
5fa1__1__1.B__1.D,3,0.445,0.011,0.434,0.456,mcs
5fbc__1__1.A__1.E,3,0.494,0.007,0.488,0.502,mcs
5fli__2__1.F__1.W_1.X,3,0.087,0.005,0.084,0.093,mcs
5flj__2__1.L__1.YA_1.ZA,3,0.141,0.008,0.132,0.148,mcs
5fog__3__1.D__1.M,3,0.499,0.013,0.486,0.512,mcs
5fra__4__1.D__1.L,3,0.554,0.073,0.509,0.637,mcs
5fsc__1__2.A__2.D,3,0.873,0.443,0.601,1.384,mcs
5fux__1__1.A__1.C_1.E_1.F,3,0.831,0.018,0.819,0.852,mcs
5fuy__1__1.B__1.J_1.K,3,0.861,0.027,0.833,0.888,mcs
5h41__1__1.A__1.C_1.E_1.F,3,1.508,0.347,1.114,1.765,global
5h42__1__1.A__1.C,3,0.628,0.03,0.594,0.65,global
5h47__10__1.J__1.PB,3,0.695,0.167,0.504,0.811,global
5h4j__1__1.A_2.A__2.B,3,0.98,0.031,0.953,1.014,mcs
5hcn__1__1.A__1.C_1.D,3,0.872,0.187,0.662,1.021,mcs
5hmw__1__1.A__1.D,3,0.863,0.667,0.457,1.633,mcs
5hmx__1__1.A__1.D,3,0.621,0.11,0.545,0.747,mcs
5hmy__1__1.A__1.D,3,0.967,0.513,0.633,1.558,mcs
5hmz__1__1.A__1.D,3,0.416,0.168,0.303,0.608,mcs
5hvh__1__1.A__1.E,3,1.322,0.053,1.281,1.382,mcs
5i3q__1__1.A__1.D,3,1.199,0.528,0.839,1.805,mcs
5id7__1__1.A__1.D,3,2.467,1.23,1.432,3.827,mcs
5iul__2__1.E__1.P_1.Q,3,0.717,0.218,0.477,0.902,mcs
5j1x__1__1.A__1.E,3,1.114,0.072,1.071,1.197,mcs
5j3z__2__1.B__1.S,3,2.186,0.015,2.175,2.203,mcs
5j42__1__1.A__1.C_1.D,3,0.13,0.011,0.118,0.139,mcs
5j61__3__1.E_1.F__1.M,3,0.426,0.01,0.415,0.436,mcs
5jau__1__1.A__1.E,3,0.391,0.068,0.348,0.47,mcs
5jgq__2__1.B__1.D,3,1.226,0.043,1.181,1.267,mcs
5jjr__1__1.A__1.E,3,1.345,0.353,0.94,1.586,mcs
5jmy__2__1.B__1.M_1.N,3,1.182,0.043,1.142,1.227,mcs
5jqw__1__1.A__1.B,3,0.905,0.15,0.798,1.077,mcs
5k5m__1__1.A__1.D,3,0.732,0.189,0.524,0.894,mcs
5kgp__1__1.B__1.D_1.L,3,2.519,0.063,2.454,2.581,global
5kv8__1__1.B__1.S,3,0.272,0.131,0.121,0.353,mcs
5l58__1__1.A_2.A__1.C_2.C,3,1.877,0.074,1.793,1.93,mcs
5l6v__4__1.N_1.P__1.OA,3,0.783,0.154,0.612,0.909,mcs
5la4__1__1.A__1.E,3,0.513,0.003,0.51,0.516,mcs
5la7__1__1.A__1.D,3,0.521,0.007,0.513,0.525,mcs
5lia__1__1.A__1.D_1.M,3,2.683,0.782,1.784,3.209,mcs
5lnr__1__3.A_3.D__3.N,3,0.935,0.041,0.889,0.968,mcs
5lrr__1__1.B__1.L,3,1.972,0.313,1.614,2.193,mcs
5lx6__1__1.A__1.C,3,0.864,0.386,0.419,1.12,mcs
5m5e__1__1.A_1.B__1.F_1.K,3,1.253,0.745,0.729,2.105,mcs
5m5u__1__1.A__1.C,3,4.269,0.407,3.929,4.719,mcs
5m77__2__1.B__1.D_1.R,3,0.937,0.05,0.898,0.993,global
5m7u__1__1.A_1.B__1.D,3,1.574,0.027,1.552,1.604,mcs
5m8l__4__1.D__1.U,3,1.366,0.927,0.76,2.433,mcs
5m8m__3__1.C__1.Q,3,1.316,0.433,0.943,1.791,mcs
5man__1__1.A__1.B,3,1.072,1.014,0.479,2.243,global
5ml8__1__1.A__1.B,3,1.367,0.11,1.249,1.466,mcs
5n0m__1__2.A__2.B_2.I,3,1.405,0.204,1.216,1.62,mcs
5n2v__2__1.E_1.F__1.K_1.L_1.M_1.N,3,0.995,0.179,0.866,1.199,mcs
5nbx__2__1.B__1.D,3,0.381,0.02,0.362,0.401,mcs
5nmt__1__1.B__1.E,3,1.289,0.36,0.897,1.605,mcs
5nn4__1__1.A__1.D,3,1.751,0.361,1.334,1.964,mcs
5np8__1__1.A__1.B,3,1.35,0.324,0.994,1.628,mcs
5npp__1__1.B__1.O,3,1.925,0.263,1.701,2.215,mcs
5nr3__1__1.A__1.C,3,1.494,0.283,1.173,1.705,global
5o1j__1__1.A__1.B_1.D,3,0.877,0.012,0.868,0.89,mcs
5o3w__2__1.B__1.F,3,3.163,0.212,2.928,3.34,mcs
5o3w__4__1.D__1.H,3,4.135,0.409,3.704,4.518,mcs
5oah__1__1.A__1.D_1.E,3,0.48,0.036,0.441,0.511,mcs
5odc__1__1.A_1.G__1.SA,3,0.306,0.187,0.194,0.522,mcs
5odi__1__1.A_1.G__1.N,3,0.598,0.004,0.595,0.602,mcs
5oju__1__2.B__2.K,3,0.256,0.016,0.244,0.274,global
5oo2__1__2.B__2.P,3,0.132,0.012,0.125,0.145,global
5ost__1__1.A__1.P,3,0.182,0.006,0.178,0.189,mcs
5ov6__1__1.A__1.B,3,0.939,0.613,0.236,1.364,mcs
5qpg__1__2.A__2.H,3,1.409,0.35,1.005,1.629,mcs
5qto__1__1.A_1.B__1.H,3,0.927,0.124,0.784,0.999,mcs
5qtp__1__1.A_1.B__1.G,3,0.796,0.017,0.785,0.816,mcs
5rm2__2__1.B__1.H_1.M_1.N,3,1.377,0.373,1.141,1.806,mcs
5slg__1__1.A__1.G,3,1.181,0.29,0.845,1.348,mcs
5sun__1__1.A_1.B__1.D_1.J,3,2.365,0.11,2.238,2.436,mcs
5svf__2__1.C__1.L,3,1.253,0.003,1.251,1.257,mcs
5svl__2__3.B__3.T,3,0.33,0.196,0.203,0.555,mcs
5t2p__1__1.A__1.G,3,1.973,0.274,1.657,2.133,mcs
5t64__1__1.B__1.M,3,0.198,0.05,0.168,0.255,mcs
5tiy__1__1.A__1.C,3,1.133,0.063,1.068,1.195,mcs
5tw8__2__1.B__1.G,3,0.2,0.071,0.124,0.265,mcs
5u1w__1__1.A_2.A_3.A__3.E,3,1.538,0.152,1.449,1.713,mcs
5u1x__1__1.A_3.A__1.E,3,2.595,0.369,2.176,2.874,mcs
5u1y__1__1.A_2.A__2.E,3,1.543,0.013,1.529,1.555,mcs
5u8z__1__1.D__1.O_1.P,3,0.066,0.007,0.058,0.071,mcs
5ufi__3__1.C__1.G,3,1.212,0.062,1.142,1.259,mcs
5ui4__1__1.D_1.F__1.L,3,1.721,0.275,1.405,1.904,mcs
5uj7__1__1.C__1.K,3,1.171,0.012,1.16,1.184,mcs
5us1__4__1.G__1.X,3,0.544,0.276,0.372,0.862,mcs
5uy8__1__1.A_1.B__1.G,3,0.598,0.146,0.493,0.764,mcs
5uz0__1__1.A_1.B__1.F,3,0.68,0.176,0.477,0.792,mcs
5v3a__2__2.C_3.C_3.D__3.L,3,0.933,0.004,0.929,0.936,mcs
5v3x__1__1.A__1.C,3,0.277,0.02,0.255,0.295,mcs
5v3y__1__1.A__1.C,3,1.076,0.217,0.95,1.326,mcs
5vr7__1__1.A_1.B__1.C,3,3.005,0.234,2.755,3.217,mcs
5vro__1__1.A_1.B__1.C,3,2.3,0.603,1.605,2.669,mcs
5vsj__1__1.B__1.E,3,1.003,0.049,0.947,1.038,global
5vt4__1__1.A__1.E,3,0.861,0.016,0.848,0.879,global
5vwo__1__1.A_1.B__1.D,3,1.18,0.074,1.095,1.228,mcs
5w6y__1__1.A_1.B__1.D,3,1.453,0.003,1.451,1.456,mcs
5wdk__1__1.F__1.W,3,1.484,0.209,1.284,1.702,mcs
5wdl__1__1.F__1.V,3,0.568,0.241,0.297,0.758,mcs
5wgt__2__1.A_2.A__1.O,3,1.046,0.092,0.969,1.147,mcs
5wgu__1__1.A__1.N,3,0.745,0.019,0.728,0.765,mcs
5wgz__1__1.A__1.P,3,1.496,0.053,1.435,1.533,mcs
5x72__1__1.A__1.B_1.C,3,1.042,0.009,1.034,1.051,mcs
5xjd__1__1.A_1.B__1.C,3,1.435,0.15,1.299,1.596,mcs
5xmp__1__1.A_1.B__1.G_1.H,3,1.035,0.141,0.925,1.194,mcs
5xpi__1__1.A__1.B,3,1.066,0.336,0.709,1.377,mcs
5y4z__1__1.A__1.B_1.C,3,0.865,0.153,0.692,0.983,mcs
5yea__2__1.B__1.G,3,1.127,0.001,1.126,1.128,mcs
5yij__1__1.A_1.C__1.E,3,2.312,0.242,2.041,2.505,mcs
5yjo__1__1.A__1.E_1.F,3,2.031,0.081,1.964,2.122,mcs
5ylt__1__1.A__1.C,3,0.068,0.0,0.068,0.069,mcs
5zdq__1__2.A__2.E_2.F_2.G_2.H,3,0.363,0.005,0.358,0.367,mcs
5zk4__2__1.B__1.J_1.N,3,1.199,0.317,0.979,1.563,mcs
5zq7__1__1.A_1.B__1.E,3,2.384,0.322,2.178,2.755,mcs
5zqs__1__1.B__1.D,3,1.786,0.049,1.734,1.831,global
5zqx__1__1.A__1.E,3,1.632,0.046,1.588,1.68,global
6a8p__3__1.C__1.F,3,0.934,0.095,0.862,1.041,mcs
6a9a__1__1.A_2.A__2.C_2.D,3,2.703,0.033,2.665,2.729,mcs
6apl__1__1.A__1.G,3,0.556,0.058,0.518,0.623,mcs
6apl__3__1.C__1.N,3,0.754,0.222,0.594,1.008,mcs
6apw__1__1.A__1.B,3,0.493,0.068,0.429,0.564,mcs
6aqn__1__1.A__1.B,3,1.315,0.202,1.086,1.468,mcs
6au0__1__1.A__1.B,3,1.921,0.639,1.187,2.356,mcs
6b24__1__1.A_1.B_1.C__1.H,3,2.414,0.272,2.148,2.693,global
6b2a__1__1.A_1.B_1.C__1.I_1.L,3,2.195,0.491,1.896,2.762,global
6b63__1__1.A_1.B__1.D_1.E_1.F_1.I_1.L,3,1.376,0.3,1.16,1.719,global
6bjo__1__1.B__1.D,3,1.407,0.103,1.289,1.48,mcs
6bkx__1__2.A__2.F,3,1.555,0.092,1.45,1.62,mcs
6bkz__1__1.A_1.B__1.D,3,1.772,0.858,1.268,2.762,mcs
6bl0__1__1.A__1.G,3,2.536,0.238,2.316,2.788,mcs
6bo6__1__3.A__3.B,3,2.438,0.255,2.165,2.67,mcs
6boi__1__1.A__1.C,3,1.815,0.26,1.524,2.022,mcs
6bsl__1__1.A__1.D_1.F,3,1.471,0.118,1.342,1.573,mcs
6btn__1__1.A__1.C_1.D_1.F,3,1.352,0.045,1.3,1.383,mcs
6bto__1__1.A__1.D_1.F,3,1.413,0.291,1.079,1.608,mcs
6btp__1__1.A__1.D_1.F,3,0.398,0.029,0.377,0.431,mcs
6c0m__1__1.B__1.R,3,1.192,0.021,1.172,1.214,mcs
6cfc__1__1.A__1.B,3,0.667,0.007,0.66,0.672,mcs
6cq8__1__1.A__1.H,3,1.292,0.016,1.274,1.307,mcs
6cq9__1__1.A__1.F,3,1.137,0.004,1.135,1.141,mcs
6ddh__1__2.A__2.B,3,0.809,0.032,0.79,0.846,mcs
6dft__2__1.E_1.F_1.G_1.H__1.T_1.U,3,1.356,0.204,1.127,1.52,mcs
6dte__1__1.A__1.C,3,0.308,0.004,0.304,0.312,mcs
6e07__4__1.F__1.QA,3,0.579,0.026,0.556,0.606,mcs
6e08__1__1.A__1.B,3,0.699,0.105,0.577,0.765,mcs
6e1a__1__1.A__1.B_1.C_1.G,3,2.62,0.059,2.552,2.655,mcs
6e6i__1__1.F_1.G_2.G__2.V_2.W,3,0.237,0.307,0.049,0.591,mcs
6eut__1__1.A__1.C,3,0.716,0.122,0.576,0.797,mcs
6ex0__1__2.B__2.D,3,1.924,0.22,1.673,2.077,mcs
6f22__1__1.A__1.C,3,1.052,0.002,1.05,1.053,mcs
6f5w__1__1.B__1.HA,3,0.411,0.247,0.126,0.556,mcs
6fgx__1__1.A__1.C_1.D,3,1.294,0.137,1.196,1.451,mcs
6fhv__1__3.A__3.G,3,0.543,0.004,0.54,0.547,mcs
6fhy__1__1.A__1.C,3,1.448,0.714,0.72,2.147,global
6fl8__1__1.A__1.C_1.D_1.E_1.G,3,0.635,0.116,0.501,0.707,mcs
6fl8__2__1.B__1.J_1.K_1.L,3,0.759,0.19,0.543,0.903,mcs
6flu__1__1.B__1.R,3,1.241,0.123,1.1,1.33,global
6fns__2__1.B__1.E,3,0.964,0.583,0.292,1.335,mcs
6fnt__2__1.B__1.D,3,0.712,0.385,0.487,1.156,mcs
6fxk__1__2.A__2.B,3,0.544,0.073,0.5,0.628,mcs
6fxr__1__1.A__1.B,3,0.628,0.292,0.392,0.954,mcs
6g27__1__1.A__1.B,3,0.829,0.387,0.512,1.261,mcs
6g3y__1__1.A__1.D,3,0.756,0.45,0.237,1.017,mcs
6g9s__1__1.A__1.B,3,0.055,0.002,0.052,0.056,mcs
6gbx__1__1.A__1.D_1.F,3,1.111,0.231,0.976,1.378,mcs
6gid__1__1.A__1.C,3,0.516,0.26,0.216,0.67,mcs
6gw2__1__1.A__1.C,3,0.815,0.104,0.695,0.875,mcs
6gw4__1__1.A__1.B,3,0.709,0.061,0.639,0.755,mcs
6gwv__3__1.O_1.P__1.CA,3,0.62,0.018,0.603,0.638,mcs
6gxv__2__1.B__1.D,3,0.899,0.329,0.656,1.274,global
6gy9__1__1.A_1.B__1.C,3,1.4,0.808,0.547,2.153,mcs
6h15__1__1.D__1.G,3,2.172,0.374,1.908,2.6,mcs
6h6m__1__1.C_1.D__1.X,3,1.42,0.163,1.235,1.541,mcs
6h7e__1__1.A__1.C,3,0.517,0.006,0.51,0.523,mcs
6hbz__1__1.A_1.B__1.C_1.D,3,0.71,0.059,0.65,0.767,mcs
6hmh__1__1.A__1.B_1.D_1.E,3,1.663,0.534,1.133,2.201,global
6hph__1__1.A__1.B_1.C,3,0.65,0.21,0.448,0.867,mcs
6hso__1__1.A_2.A__1.L_1.M_1.N,3,0.857,0.076,0.77,0.903,mcs
6hvh__1__1.A__1.B_1.C,3,0.413,0.021,0.39,0.431,mcs
6hvj__1__1.A__1.B,3,1.792,0.019,1.77,1.806,mcs
6i1g__2__1.B__1.D,3,1.187,0.218,0.953,1.386,mcs
6i1h__2__1.B__1.D,3,1.397,0.019,1.377,1.415,mcs
6i34__1__1.B__1.L,3,0.617,0.245,0.334,0.765,mcs
6i35__2__1.C__1.N_1.P,3,0.694,0.124,0.62,0.836,mcs
6i5p__4__1.G__1.H,3,3.176,0.325,2.845,3.494,mcs
6i6r__2__1.B__1.M,3,0.606,0.4,0.145,0.846,mcs
6i6x__1__1.A__1.G,3,0.644,0.014,0.629,0.656,mcs
6i6x__2__1.B__1.E,3,0.946,0.084,0.851,1.011,mcs
6i6x__2__1.B__1.S,3,0.872,0.196,0.646,0.994,global
6iik__1__1.B__1.D,3,1.219,0.246,0.935,1.369,mcs
6iil__1__1.B__1.D,3,0.831,0.437,0.326,1.089,mcs
6imj__1__1.A__1.E_1.G_1.H,3,1.043,0.066,0.997,1.118,mcs
6iqx__2__1.B__1.Q,3,0.247,0.257,0.095,0.544,mcs
6iqy__2__1.B__1.S,3,0.111,0.04,0.083,0.157,mcs
6jd5__2__1.B__1.E_1.F,3,0.77,0.009,0.764,0.781,mcs
6jo0__1__1.A__1.B,3,0.005,0.0,0.005,0.005,mcs
6kal__1__1.A__1.G_1.H,3,0.818,0.072,0.759,0.898,mcs
6kfe__1__1.A_2.A__1.D,3,0.63,0.022,0.606,0.65,mcs
6kx8__2__1.B__1.D,3,1.157,0.207,0.918,1.291,mcs
6l3r__1__1.A__1.E,3,0.868,0.423,0.399,1.221,mcs
6lel__1__1.A_2.B__1.C,3,0.544,0.032,0.524,0.581,global
6lfr__1__1.A__1.B,3,0.553,0.012,0.542,0.566,mcs
6lft__1__1.A__1.B_1.C,3,0.57,0.029,0.537,0.591,mcs
6lil__1__1.B__1.K,3,0.468,0.118,0.398,0.604,mcs
6lq9__1__1.C__1.J,3,1.003,0.477,0.578,1.519,mcs
6lsa__2__1.D__1.E,3,2.403,0.816,1.461,2.883,mcs
6m06__2__1.B__1.D,3,0.4,0.025,0.385,0.429,mcs
6m3z__1__1.A_1.B_1.C__1.E_1.L,3,1.476,0.196,1.256,1.633,mcs
6m47__1__1.A__1.G,3,0.751,0.151,0.58,0.865,mcs
6mcj__1__1.A__1.C,3,0.052,0.005,0.047,0.058,mcs
6ms8__1__1.A__1.I,3,1.091,0.001,1.09,1.093,mcs
6mx3__1__1.A_1.B__1.C_1.D,3,1.354,0.134,1.199,1.431,mcs
6o9x__1__1.A__1.B,3,0.96,0.181,0.756,1.1,mcs
6oa1__1__1.A__1.B,3,1.446,0.264,1.152,1.664,mcs
6oa3__1__1.A__1.B,3,0.744,0.387,0.491,1.189,mcs
6oug__1__1.A_1.B_1.C_1.D__1.I,3,0.381,0.016,0.367,0.399,global
6pai__1__1.B_1.C__1.G,3,2.135,0.203,1.945,2.349,mcs
6pe3__1__1.A__1.B,3,0.84,0.132,0.689,0.924,mcs
6peu__1__1.A_1.E__1.I_1.J_1.K,3,1.609,0.395,1.235,2.023,mcs
6pgu__1__1.A__1.C,3,0.929,0.056,0.865,0.974,mcs
6pia__1__1.A_1.B__1.J_1.L_1.Q,3,0.968,0.077,0.899,1.051,mcs
6pyy__1__1.D__1.P,3,0.916,0.044,0.869,0.956,mcs
6q8n__2__1.B__1.W,3,0.392,0.18,0.232,0.587,mcs
6qp8__1__1.B__1.I,3,1.097,0.421,0.625,1.433,mcs
6qpl__1__1.A__1.E_1.F,3,0.267,0.054,0.207,0.309,mcs
6qvg__1__1.A_1.B__1.L,3,1.073,0.489,0.56,1.535,mcs
6r4g__1__1.B__1.F_1.G,3,0.602,0.018,0.581,0.615,mcs
6r4j__1__1.B__1.G_1.H,3,1.172,0.127,1.046,1.301,mcs
6r4y__1__1.A_1.D__1.D_1.E,3,1.523,0.116,1.408,1.64,mcs
6r58__2__1.B__1.F_1.J,3,2.527,0.256,2.232,2.69,mcs
6rtw__1__1.A__1.D,3,0.479,0.006,0.473,0.485,mcs
6sh1__1__1.A__1.D,3,0.222,0.007,0.218,0.23,mcs
6t7g__2__1.B__1.L_1.M,3,0.433,0.01,0.426,0.445,mcs
6tez__1__1.A__1.C_1.I,3,2.611,0.088,2.548,2.711,mcs
6tlk__2__1.D__1.R,3,0.975,0.029,0.953,1.008,mcs
6tn2__1__1.A__1.B,3,1.881,0.133,1.799,2.035,mcs
6tvn__4__1.D__1.L,3,0.09,0.001,0.089,0.091,mcs
6u5y__2__1.B__1.D,3,0.835,0.101,0.72,0.907,mcs
6uik__1__1.A__1.C,3,0.321,0.096,0.211,0.388,mcs
6ujj__1__1.A__1.B,3,1.181,0.059,1.133,1.246,mcs
6ul2__3__1.C__1.W,3,0.207,0.012,0.198,0.221,mcs
6w8z__1__1.A__1.E,3,0.448,0.003,0.445,0.451,mcs
6wk8__1__1.A_1.B_1.D__1.F,3,1.334,0.168,1.142,1.457,mcs
6wk9__2__1.E_1.F_1.G__1.Q_1.R_1.U_1.V,3,2.251,0.084,2.159,2.322,global
6wo4__1__1.B__1.E,3,0.657,0.151,0.537,0.827,mcs
6wqt__1__1.A__1.C,3,1.114,0.359,0.701,1.345,mcs
6wuu__1__1.A__1.E,3,1.622,0.008,1.617,1.63,mcs
6wv7__1__1.A__1.C,3,1.689,0.245,1.509,1.968,mcs
6wvh__1__1.A__1.C,3,0.891,0.479,0.338,1.168,mcs
6x5t__2__1.D__1.Q,3,0.696,0.011,0.685,0.707,mcs
6x5u__4__2.F__2.X,3,0.481,0.258,0.316,0.778,mcs
6x6v__3__1.C__1.G,3,1.126,0.028,1.106,1.158,mcs
6x81__2__1.D_1.E_1.F__1.I_1.J,3,0.8,0.309,0.487,1.106,mcs
6x82__2__1.D_1.E_1.F__1.H,3,3.113,1.672,1.387,4.726,mcs
6x9f__1__1.A__1.I,3,1.807,0.06,1.758,1.875,mcs
6xhq__1__1.A_1.B__1.C,3,0.687,0.201,0.456,0.819,mcs
6xoo__1__1.A__1.B,3,0.979,0.093,0.918,1.086,mcs
6xop__1__1.A__1.B,3,1.09,0.109,0.971,1.185,mcs
6xug__1__1.B__1.H_1.I_1.K_1.L,3,0.905,1.275,0.158,2.377,mcs
6xuq__1__2.A__2.B_2.C_2.E,3,1.269,0.266,1.005,1.536,mcs
6y5m__1__1.A__1.I,3,1.661,0.089,1.574,1.753,mcs
6y87__6__1.F__1.O,3,0.675,0.01,0.663,0.681,mcs
6y88__6__1.F__1.U,3,0.863,0.083,0.812,0.96,mcs
6yab__2__1.B__1.I,3,0.07,0.003,0.068,0.073,mcs
6ykb__1__1.A__1.C,3,0.716,0.07,0.635,0.759,mcs
6yx0__2__1.B_1.D__1.D_1.F,3,1.376,0.333,1.139,1.756,mcs
6yy6__1__1.A__1.E,3,0.091,0.005,0.087,0.096,mcs
6yyd__1__1.A__1.B,3,1.382,0.004,1.379,1.386,mcs
6z3v__1__1.A_1.B__1.D_1.I,3,1.633,0.363,1.22,1.902,mcs
6z4o__1__1.A_1.B__1.D_1.H,3,0.905,0.268,0.746,1.215,mcs
6zbn__1__1.A__1.G_1.H,3,1.135,0.204,0.977,1.365,mcs
6zbo__1__1.A__1.G_1.H,3,1.171,0.05,1.113,1.204,mcs
6zc8__1__1.A__1.C,3,1.557,0.038,1.513,1.583,mcs
6zxb__1__1.B__1.L_1.N_1.O,3,0.813,0.131,0.666,0.919,mcs
7a0c__2__1.B__1.T_1.U,3,1.013,0.442,0.517,1.366,mcs
7a5x__1__1.B__1.G,3,0.931,0.158,0.782,1.097,mcs
7a9z__2__1.B_2.A__2.C,3,0.935,0.021,0.921,0.958,mcs
7ac8__3__1.E__1.K,3,0.959,0.124,0.817,1.049,mcs
7akw__1__1.A__1.D,3,0.015,0.0,0.015,0.015,mcs
7bht__1__1.A_2.A__2.C,3,0.415,0.428,0.159,0.91,mcs
7bhx__1__1.A_2.A__1.C_2.C,3,0.407,0.331,0.206,0.79,mcs
7bo7__1__1.A__1.C,3,0.0,0.0,0.0,0.0,mcs
7c1y__1__1.A_1.B__1.D,3,0.21,0.008,0.2,0.217,mcs
7c6b__2__1.B__1.E,3,0.683,0.144,0.545,0.831,mcs
7cbb__1__1.A__1.C,3,0.905,0.189,0.775,1.121,mcs
7cfd__1__1.A__1.B,3,2.602,0.402,2.168,2.962,mcs
7cfd__5__1.G__1.H,3,3.276,0.035,3.255,3.316,mcs
7coz__1__1.A__1.D_1.F_1.G,3,1.781,0.136,1.662,1.929,mcs
7cpr__1__1.F_1.J__1.P,3,0.65,0.027,0.623,0.677,mcs
7crz__1__1.A__1.B_1.C,3,2.082,0.12,1.965,2.204,mcs
7cta__1__2.B__2.E_2.F,3,0.458,0.091,0.353,0.515,mcs
7d2f__1__1.A__1.C,3,0.668,0.231,0.404,0.83,mcs
7d7u__3__1.C__1.F,3,1.715,1.02,0.537,2.307,mcs
7db7__1__2.A__2.C,3,2.783,0.087,2.684,2.845,mcs
7e8q__1__1.A_1.C_1.D__1.J,3,0.838,0.29,0.549,1.129,mcs
7ee5__1__1.A__1.H,3,0.514,0.003,0.51,0.516,mcs
7em1__1__1.A__1.D,3,2.064,0.073,2.021,2.148,mcs
7erb__2__1.C__1.L_1.M,3,0.844,0.001,0.842,0.845,mcs
7ere__1__1.A_1.B__1.G_1.I,3,0.824,0.006,0.82,0.831,mcs
7f4c__1__1.A__1.C_1.D,3,0.512,0.078,0.465,0.602,mcs
7k5m__1__1.B__1.I,3,1.068,0.052,1.013,1.117,mcs
7kcy__1__1.A__1.B,3,0.898,0.052,0.857,0.956,mcs
7khx__1__1.B__1.E,3,2.668,0.624,2.214,3.379,mcs
7kid__1__1.A__1.G,3,0.289,0.006,0.282,0.295,mcs
7li5__1__1.A__1.C,3,1.705,0.108,1.616,1.825,mcs
7loo__1__1.C_1.D__1.FA_1.HA,3,2.003,0.021,1.981,2.024,mcs
7m2o__1__1.A__1.B_1.C,3,3.212,0.65,2.518,3.808,mcs
7mfp__1__1.A_1.B__1.I,3,0.724,0.02,0.704,0.745,mcs
7n4w__1__2.A__2.D,3,0.522,0.062,0.46,0.584,mcs
7n54__1__1.B__1.H,3,0.452,0.001,0.45,0.453,mcs
7n8l__2__1.B__1.J_1.M,3,0.864,0.079,0.774,0.926,mcs
7nag__2__1.B__1.D,3,0.914,0.036,0.879,0.952,mcs
7nah__2__1.B__1.D,3,0.717,0.137,0.56,0.813,mcs
7nn0__2__1.B__1.J,3,1.508,0.018,1.488,1.525,mcs
7oa4__4__1.D__1.S_1.T_1.U_1.V,3,1.557,0.33,1.231,1.892,mcs
7okt__1__1.A__1.E,3,0.503,0.255,0.22,0.715,mcs
7ow2__1__1.A_1.C_1.E_1.G__1.E_1.G,3,4.291,0.086,4.196,4.361,mcs
7p3b__1__1.A__1.C_1.D_1.E,3,0.676,0.175,0.571,0.878,mcs
7plr__3__1.C__1.O_1.P_1.Q_1.R,3,0.484,0.003,0.481,0.487,mcs
7pwy__1__1.A_1.B__1.I_1.J,3,0.727,0.013,0.719,0.741,mcs
7pz1__1__1.A__1.D,3,1.008,0.002,1.006,1.011,mcs
7qea__1__1.A__1.C,3,0.431,0.08,0.338,0.482,mcs
7qox__1__1.A__1.D,3,4.117,0.308,3.854,4.456,mcs
7qta__2__1.B__1.O,3,0.599,0.024,0.578,0.625,mcs
7qu9__2__1.B__1.G,3,0.272,0.225,0.141,0.532,mcs
7r2v__2__1.B__1.L,3,0.417,0.013,0.409,0.433,mcs
7rbw__2__1.B__1.D,3,0.18,0.021,0.158,0.201,mcs
7rf9__2__1.C_1.D__1.GA,3,0.849,0.01,0.843,0.861,mcs
7rgy__1__1.A__1.D,3,0.416,0.228,0.258,0.678,mcs
7rgz__1__1.A__1.D,3,0.838,0.163,0.729,1.026,mcs
7rtc__2__1.B__1.E,3,0.845,0.066,0.769,0.889,mcs
7s2r__1__1.A__1.C,3,1.163,0.413,0.893,1.638,mcs
7s7t__1__1.A__1.B,3,0.218,0.016,0.206,0.237,mcs
7siy__1__1.A__1.B,3,1.113,0.141,0.95,1.199,mcs
7ssi__2__1.E__1.N_1.O,3,1.137,0.041,1.096,1.178,mcs
7t78__2__1.B__1.I,3,1.995,0.028,1.966,2.023,mcs
7t8f__1__1.A_1.B__1.E_1.H,3,0.942,0.465,0.404,1.21,mcs
7t9z__2__1.B__1.E,3,0.998,0.117,0.865,1.082,mcs
7ta0__2__1.C_2.C__2.H,3,0.899,0.211,0.769,1.143,mcs
7tfp__2__1.B_2.C__2.F_2.G,3,1.019,0.152,0.919,1.194,mcs
7u0r__1__1.B__1.I_1.J_1.K_1.L,3,0.699,0.021,0.677,0.718,mcs
7u8y__1__1.B__1.G_1.H_1.I_1.J,3,0.396,0.258,0.098,0.55,mcs
7uas__1__1.A__1.C,3,0.622,0.041,0.596,0.669,mcs
7uxs__1__1.A_1.B__1.C_1.F,3,0.426,0.004,0.421,0.428,mcs
7v0j__3__1.C__1.F,3,2.184,0.121,2.091,2.321,global
7v3d__1__1.A_1.B__1.F,3,0.689,0.065,0.614,0.734,mcs
7vbt__1__1.B__1.D,3,0.684,0.118,0.604,0.82,mcs
7vbv__1__1.B__1.N,3,0.562,0.007,0.554,0.569,mcs
7vf3__2__1.C__1.G,3,0.372,0.185,0.168,0.528,mcs
7vjt__1__1.A__1.C,3,0.966,0.001,0.966,0.967,mcs
7vtf__1__1.A_1.B__1.F,3,0.153,0.007,0.148,0.161,mcs
7vzn__1__1.A_1.B__1.S_1.T_1.U,3,0.062,0.031,0.042,0.098,mcs
7w2f__1__1.A__1.M,3,1.983,1.071,1.336,3.219,mcs
7w2g__1__1.A__1.M,3,1.618,0.107,1.547,1.741,mcs
7wmi__1__1.B__1.F_1.G,3,0.819,0.015,0.806,0.835,mcs
7x11__1__1.D__1.P,3,1.518,0.093,1.428,1.614,mcs
7y4o__1__1.B__1.D,3,0.209,0.18,0.048,0.403,mcs
7y4p__1__1.A__1.E,3,0.482,0.046,0.453,0.535,mcs
7z5u__1__1.A__1.B_1.C,3,0.558,0.006,0.554,0.565,mcs
7zbv__1__1.A__1.B_1.E,3,1.02,0.127,0.925,1.164,mcs
7zm0__1__1.A__1.K,3,0.749,0.104,0.629,0.813,mcs
7zns__1__1.A__1.C,3,2.664,0.622,2.081,3.318,mcs
8a0v__2__1.B__1.L,3,1.102,0.009,1.093,1.109,mcs
8a1n__1__1.A__1.C,3,0.303,0.041,0.264,0.346,mcs
8ak6__2__1.B__1.P_1.Q,3,1.54,0.287,1.21,1.724,mcs
8akb__2__1.B__1.K,3,0.416,0.16,0.232,0.521,mcs
8b0d__1__1.A__1.C,3,0.751,0.146,0.583,0.849,mcs
8b0e__1__1.A__1.B,3,0.936,0.026,0.921,0.966,mcs
8b18__1__1.A__1.C,3,1.922,0.03,1.898,1.956,mcs
8b1a__1__1.A__1.C,3,1.146,0.007,1.139,1.152,mcs
8b1b__1__1.A__1.C,3,0.951,0.163,0.774,1.095,mcs
8b1e__1__1.A__1.C,3,0.92,0.276,0.604,1.116,mcs
8b1f__1__1.A__1.C,3,0.23,0.098,0.163,0.342,mcs
8b1h__1__1.A__1.C,3,0.917,0.086,0.838,1.009,mcs
8b6m__1__1.A_1.B__1.E,3,3.593,0.144,3.502,3.759,mcs
8bf4__1__1.B__1.H,3,0.44,0.176,0.259,0.611,mcs
8bnx__1__1.A__1.C,3,1.452,0.047,1.403,1.497,mcs
8bq4__1__1.B__1.D,3,0.782,0.544,0.154,1.097,mcs
8bv3__1__1.B_1.C__1.I_1.L,3,0.858,0.047,0.816,0.909,mcs
8bzx__1__1.A_1.B__1.C_1.D,3,0.515,0.132,0.364,0.607,mcs
8caa__1__1.B__1.F,3,0.866,0.122,0.725,0.945,mcs
8cov__1__1.B__1.T,3,0.376,0.171,0.178,0.476,mcs
8dc6__3__1.C__1.U,3,0.296,0.135,0.152,0.419,mcs
8e0t__1__1.B__1.E,3,0.669,0.321,0.315,0.939,mcs
8e1s__1__1.A__1.C_1.E_1.F,3,0.822,0.133,0.673,0.931,mcs
8e1v__1__1.A__1.C_1.D,3,0.901,0.157,0.725,1.026,mcs
8ede__1__1.A__1.C,3,1.503,0.173,1.362,1.696,mcs
8eg6__2__1.G_1.H__1.AA,3,1.438,0.223,1.185,1.607,mcs
8ep7__2__1.B_2.B__2.E,3,0.913,0.08,0.838,0.998,mcs
8ez1__1__1.A_1.B__1.D,3,0.559,0.004,0.554,0.561,mcs
8ez1__1__1.A_1.B__1.E,3,1.75,0.06,1.687,1.807,mcs
8f1g__1__1.A__1.C,3,2.124,0.152,1.951,2.235,mcs
8fg8__2__1.B__1.GA_1.Q_1.R,3,0.137,0.008,0.132,0.146,mcs
8fvb__1__1.B_2.A_2.B__2.E,3,1.566,0.399,1.105,1.811,mcs
8g9d__1__1.A__1.B,3,1.413,0.134,1.302,1.562,mcs
8gen__1__2.A_3.A__2.B,3,2.443,0.929,1.377,3.073,mcs
8get__1__1.C__1.P,3,1.058,0.325,0.789,1.419,mcs
8gkf__1__1.A__1.J,3,0.649,0.031,0.62,0.682,mcs
8gmi__1__1.B__1.K,3,0.792,0.224,0.572,1.02,mcs
8hq3__1__1.C__1.JA,3,1.042,0.319,0.758,1.387,mcs
8i5q__2__1.B__1.D,3,2.514,0.044,2.464,2.545,global
8iw3__1__1.A_1.B__1.F,3,2.588,0.088,2.527,2.689,mcs
8iw6__1__1.A_1.B__1.F,3,1.74,0.052,1.681,1.782,mcs
8jnv__1__1.B__1.E_1.F,3,1.938,0.043,1.902,1.986,mcs
8jyf__1__1.B__1.F,3,1.319,0.016,1.304,1.337,mcs
8k5y__1__1.A__1.H,3,1.939,0.193,1.717,2.07,mcs
8odp__1__1.A_1.B__1.I_1.J_1.K_1.L,3,1.966,0.221,1.8,2.216,mcs
8oep__2__1.C__1.D,3,1.924,0.033,1.898,1.96,mcs
8og5__1__1.A__1.D,3,0.035,0.002,0.033,0.037,mcs
8og9__1__1.A__1.C,3,2.386,0.05,2.336,2.436,mcs
8ogh__1__1.A_1.B__1.M_1.R,3,0.797,0.105,0.723,0.917,mcs
8ome__1__1.A_1.D__1.H,3,1.269,0.06,1.232,1.338,mcs
8one__1__1.A__1.F_1.K,3,2.163,0.144,2.01,2.294,mcs
8oo5__1__1.A__1.B_1.D_1.E,3,1.116,0.168,0.922,1.216,mcs
8ppd__2__1.B__1.L,3,0.979,0.14,0.846,1.125,global
8pw1__10__1.J__1.T,3,1.413,0.037,1.382,1.453,mcs
8q0u__1__1.A__1.D,3,2.211,0.287,1.88,2.389,mcs
8qdy__1__1.A_2.A__2.B,3,0.54,0.04,0.497,0.575,mcs
8qe3__1__1.A_2.A__2.B,3,1.012,0.265,0.826,1.316,mcs
8qhq__2__1.C_1.D__1.O,3,0.841,0.002,0.839,0.843,mcs
8qth__1__1.A__1.B,3,1.213,0.822,0.608,2.15,mcs
8qtj__1__1.A__1.E,3,2.444,0.235,2.263,2.71,mcs
8qv7__1__1.A__1.E,3,0.741,0.298,0.565,1.084,mcs
8r3d__1__1.B_1.E__1.J,3,0.548,0.09,0.482,0.65,mcs
8sge__1__1.A__1.H,3,2.296,0.092,2.225,2.401,mcs
8sz3__1__1.A_2.B__2.I,3,1.44,0.193,1.223,1.593,mcs
8t5k__1__1.A_2.A__1.B_2.B,3,0.747,0.564,0.32,1.386,mcs
8tjc__1__1.B__1.N,3,1.646,0.036,1.62,1.688,mcs
8ttj__4__1.D__1.CA,3,0.322,0.081,0.235,0.396,mcs
8uuf__1__1.A__1.B,3,4.667,0.027,4.642,4.695,mcs
8w6p__1__1.A_1.B__1.E,3,1.889,1.281,0.582,3.142,mcs
8wsm__1__1.A__1.D,3,2.634,0.119,2.557,2.771,mcs
